image: basement_closed_hector.pgm
resolution: 0.050400
origin: [-26.900000, -16.500000, 0.000000]
negate: 0
occupied_thresh: 0.65
free_thresh: 0.196

